2.802411073430954337e-03 7.763892930992224011e-19
1.120964429372379133e-02 4.516655826591886580e-05
2.522169966087850490e-02 7.713061495451256633e-05
4.483857717489515837e-02 1.064412354025989771e-04
7.006027683577371878e-02 2.116818941431120038e-04
1.008867986435141861e-01 3.204325912520289421e-04
1.373181425981165327e-01 7.207850576378405094e-04
1.793543086995806612e-01 1.188140362501144409e-03
2.269952969479068217e-01 1.639646943658590317e-03
2.802411073430949862e-01 2.242486691102385521e-03
3.390917398851448494e-01 3.400621470063924789e-03
4.035471945740565225e-01 4.256238229572772980e-03
4.736074714098301719e-01 5.644096992909908295e-03
5.492725703924659086e-01 7.481599226593971252e-03
6.305424915219633997e-01 9.857396595180034637e-03
7.174172347983228670e-01 1.304735615849494934e-02
8.098968002215439776e-01 1.641226559877395630e-02
9.079811877916275087e-01 2.074061147868633270e-02
1.011670397508572350e+00 2.605590224266052246e-02
1.120964429372379501e+00 3.318858891725540161e-02
1.235863283383048294e+00 4.054210335016250610e-02
1.356366959540579176e+00 5.013836920261383057e-02
1.482475457844971478e+00 6.148678809404373169e-02
1.614188778296226312e+00 7.571126520633697510e-02
1.751506920894343233e+00 9.428413957357406616e-02
1.894429885639320910e+00 1.145600825548171997e-01
2.042957672531161339e+00 1.398201435804367065e-01
2.197090281569863635e+00 1.719222664833068848e-01
2.356827712755427573e+00 2.081786543130874634e-01
2.522169966087853155e+00 2.518922388553619385e-01
2.693117041567140824e+00 3.043279647827148438e-01
2.869668939193291468e+00 3.688044548034667969e-01
3.051825658966303312e+00 4.491563439369201660e-01
3.239587200886176799e+00 5.456969738006591797e-01
3.432953564952911929e+00 6.594543457031250000e-01
3.631924751166509147e+00 8.013200759887695312e-01
3.836500759526968451e+00 9.709537625312805176e-01
4.046681590034288512e+00 1.175125479698181152e+00
4.262467242688473767e+00 1.437191486358642578e+00
4.483857717489518890e+00 1.752997636795043945e+00
4.710853014437423880e+00 2.146842479705810547e+00
4.943453133532193178e+00 2.632142543792724609e+00
5.181658074773822342e+00 3.249295234680175781e+00
5.425467838162317591e+00 4.028016090393066406e+00
5.674882423697669154e+00 5.013072490692138672e+00
5.929901831379886801e+00 6.295231819152832031e+00
6.190526061208965203e+00 7.961203098297119141e+00
6.456755113184904360e+00 1.020018768310546875e+01
6.728588987307709601e+00 1.332467555999755859e+01
7.006027683577372045e+00 1.843532180786132812e+01
